"month","monthly_profit","monthly_difference"
"01-2018","7137","7137"
"02-2018","1612","-5525"
"03-2018","14758","13146"
"04-2018","934","-13824"
"05-2018","6342","5408"
"06-2018","8226","1884"
"07-2018","6951","-1275"
"08-2018","9034","2083"
"09-2018","10987","1953"
"10-2018","9272","-1715"
"11-2018","9217","-55"
"12-2018","8473","-744"
